100
926
1 56 15
2 35 71
3 53 5
4 23 20
5 64 91
6 10 27
7 88 56
8 1 55
9 37 89
10 39 98
11 6 25
12 44 72
13 83 94
14 74 86
15 24 88
16 53 85
17 92 50
18 12 91
19 62 24
20 53 19
21 78 64
22 43 13
23 99 98
24 8 30
25 6 97
26 28 49
27 77 27
28 26 61
29 83 58
30 11 65
31 40 83
32 52 95
33 89 49
34 20 89
35 13 10
36 14 86
37 63 55
38 59 90
39 33 15
40 93 18
41 63 33
42 62 94
43 86 53
44 53 87
45 73 60
46 50 60
47 61 91
48 68 50
49 33 59
50 92 46
51 97 15
52 2 86
53 31 6
54 64 54
55 84 55
56 67 34
57 58 1
58 8 57
59 2 26
60 74 12
61 83 16
62 94 40
63 22 98
64 1 42
65 23 97
66 59 56
67 87 16
68 48 74
69 15 34
70 1 87
71 62 67
72 57 19
73 75 77
74 90 43
75 94 17
76 48 35
77 19 15
78 26 33
79 99 66
80 34 7
81 62 11
82 16 45
83 39 17
84 53 56
85 17 26
86 97 4
87 21 4
88 61 12
89 41 85
90 43 71
91 35 3
92 97 98
93 45 70
94 5 1
95 68 94
96 93 71
97 56 59
98 85 41
99 23 53
100 35 75
1 5 1
1 10 1
1 11 1
1 12 1
1 17 1
1 19 1
1 24 1
1 28 1
1 31 1
1 33 1
1 38 1
1 39 1
1 42 1
1 52 1
1 57 1
1 60 1
1 65 1
1 71 1
1 76 1
1 84 1
1 88 1
1 91 1
2 3 1
2 4 1
2 18 1
2 19 1
2 21 1
2 38 1
2 40 1
2 60 1
2 63 1
2 73 1
2 79 1
2 83 1
2 89 1
2 96 1
2 99 1
2 100 1
3 4 1
3 5 1
3 8 1
3 19 1
3 21 1
3 23 1
3 36 1
3 39 1
3 44 1
3 45 1
3 48 1
3 62 1
3 64 1
3 69 1
3 72 1
3 73 1
3 80 1
3 91 1
3 94 1
4 7 1
4 8 1
4 14 1
4 23 1
4 41 1
4 45 1
4 46 1
4 48 1
4 51 1
4 58 1
4 61 1
4 70 1
4 82 1
4 100 1
5 8 1
5 25 1
5 37 1
5 43 1
5 51 1
5 54 1
5 62 1
5 68 1
5 69 1
5 75 1
5 80 1
5 83 1
5 95 1
6 9 1
6 10 1
6 15 1
6 17 1
6 18 1
6 24 1
6 37 1
6 40 1
6 44 1
6 45 1
6 46 1
6 55 1
6 56 1
6 57 1
6 58 1
6 64 1
6 67 1
6 76 1
6 78 1
6 87 1
6 88 1
6 89 1
6 90 1
6 98 1
6 99 1
6 100 1
7 9 1
7 10 1
7 24 1
7 25 1
7 31 1
7 35 1
7 36 1
7 40 1
7 43 1
7 46 1
7 48 1
7 54 1
7 56 1
7 58 1
7 60 1
7 63 1
7 71 1
7 74 1
7 76 1
7 92 1
7 97 1
8 23 1
8 24 1
8 26 1
8 31 1
8 36 1
8 41 1
8 45 1
8 49 1
8 56 1
8 69 1
8 73 1
8 80 1
8 86 1
8 92 1
8 93 1
8 98 1
9 13 1
9 23 1
9 32 1
9 33 1
9 38 1
9 39 1
9 45 1
9 62 1
9 64 1
9 70 1
9 73 1
9 77 1
9 81 1
9 84 1
9 86 1
10 12 1
10 20 1
10 22 1
10 27 1
10 30 1
10 32 1
10 34 1
10 44 1
10 46 1
10 48 1
10 49 1
10 50 1
10 54 1
10 61 1
10 63 1
10 66 1
10 69 1
10 77 1
10 84 1
10 95 1
10 96 1
10 98 1
10 99 1
11 16 1
11 19 1
11 25 1
11 27 1
11 34 1
11 36 1
11 39 1
11 41 1
11 47 1
11 62 1
11 69 1
11 85 1
11 89 1
11 90 1
11 92 1
11 94 1
11 99 1
11 100 1
12 15 1
12 28 1
12 30 1
12 33 1
12 39 1
12 43 1
12 48 1
12 50 1
12 55 1
12 56 1
12 58 1
12 62 1
12 68 1
12 69 1
12 77 1
12 81 1
12 88 1
12 99 1
13 15 1
13 23 1
13 29 1
13 37 1
13 39 1
13 44 1
13 45 1
13 47 1
13 61 1
13 62 1
13 70 1
13 71 1
13 73 1
13 75 1
13 91 1
13 95 1
13 96 1
14 15 1
14 22 1
14 28 1
14 41 1
14 46 1
14 49 1
14 51 1
14 52 1
14 64 1
14 69 1
14 71 1
14 77 1
14 79 1
14 80 1
14 93 1
14 98 1
15 16 1
15 20 1
15 22 1
15 23 1
15 24 1
15 29 1
15 32 1
15 33 1
15 34 1
15 43 1
15 45 1
15 51 1
15 53 1
15 55 1
15 62 1
15 64 1
15 83 1
15 89 1
15 91 1
15 93 1
15 94 1
15 95 1
15 98 1
16 18 1
16 19 1
16 22 1
16 23 1
16 34 1
16 41 1
16 42 1
16 47 1
16 56 1
16 64 1
16 71 1
16 74 1
16 75 1
16 87 1
16 88 1
16 90 1
16 95 1
16 100 1
17 18 1
17 28 1
17 55 1
17 58 1
17 67 1
17 74 1
17 88 1
17 95 1
17 100 1
18 32 1
18 36 1
18 44 1
18 54 1
18 60 1
18 61 1
18 71 1
18 75 1
18 81 1
18 83 1
18 92 1
18 94 1
18 98 1
18 99 1
19 42 1
19 60 1
19 61 1
19 70 1
19 71 1
19 72 1
19 88 1
19 89 1
20 46 1
20 47 1
20 49 1
20 57 1
20 59 1
20 63 1
20 65 1
20 67 1
20 77 1
20 80 1
20 82 1
20 98 1
21 23 1
21 27 1
21 32 1
21 37 1
21 40 1
21 41 1
21 55 1
21 62 1
21 63 1
21 66 1
21 74 1
21 76 1
21 83 1
21 92 1
21 94 1
21 97 1
22 29 1
22 36 1
22 41 1
22 54 1
22 56 1
22 63 1
22 64 1
22 71 1
22 99 1
23 24 1
23 29 1
23 43 1
23 50 1
23 65 1
23 69 1
23 70 1
23 71 1
23 77 1
23 80 1
23 83 1
23 85 1
23 89 1
23 96 1
23 98 1
24 31 1
24 35 1
24 37 1
24 58 1
24 66 1
24 69 1
24 71 1
24 90 1
24 91 1
24 92 1
24 93 1
24 94 1
24 95 1
25 32 1
25 34 1
25 48 1
25 52 1
25 69 1
25 75 1
25 81 1
25 82 1
25 90 1
25 91 1
26 31 1
26 37 1
26 45 1
26 51 1
26 55 1
26 65 1
26 68 1
26 74 1
26 75 1
26 76 1
26 77 1
26 79 1
26 81 1
26 82 1
26 83 1
26 90 1
26 91 1
26 95 1
26 99 1
27 37 1
27 38 1
27 39 1
27 45 1
27 47 1
27 49 1
27 68 1
27 78 1
27 83 1
27 95 1
27 99 1
28 29 1
28 32 1
28 34 1
28 36 1
28 38 1
28 41 1
28 44 1
28 45 1
28 47 1
28 58 1
28 70 1
28 73 1
28 77 1
28 83 1
28 86 1
28 87 1
29 32 1
29 37 1
29 43 1
29 47 1
29 50 1
29 51 1
29 54 1
29 67 1
29 69 1
29 72 1
29 80 1
29 81 1
29 82 1
29 90 1
29 94 1
29 96 1
30 31 1
30 33 1
30 39 1
30 43 1
30 51 1
30 56 1
30 60 1
30 77 1
30 79 1
30 84 1
30 90 1
30 91 1
30 92 1
30 95 1
30 97 1
30 98 1
30 99 1
31 33 1
31 43 1
31 58 1
31 75 1
31 81 1
31 82 1
31 89 1
31 96 1
32 35 1
32 43 1
32 53 1
32 54 1
32 55 1
32 60 1
32 75 1
32 83 1
32 94 1
32 97 1
33 38 1
33 41 1
33 52 1
33 58 1
33 66 1
33 69 1
33 70 1
33 76 1
33 84 1
33 91 1
33 92 1
33 93 1
34 41 1
34 42 1
34 43 1
34 45 1
34 48 1
34 52 1
34 60 1
34 66 1
34 72 1
34 74 1
34 77 1
34 79 1
34 81 1
34 95 1
34 96 1
34 99 1
35 37 1
35 64 1
35 72 1
35 77 1
35 79 1
35 87 1
35 89 1
35 90 1
35 100 1
36 39 1
36 43 1
36 50 1
36 51 1
36 60 1
36 67 1
36 71 1
36 74 1
36 75 1
36 77 1
36 85 1
36 87 1
36 90 1
36 92 1
36 94 1
36 100 1
37 52 1
37 65 1
37 68 1
37 70 1
37 88 1
37 91 1
37 93 1
37 94 1
38 46 1
38 50 1
38 51 1
38 60 1
38 64 1
38 67 1
38 69 1
38 70 1
38 83 1
38 87 1
38 91 1
39 40 1
39 45 1
39 49 1
39 51 1
39 55 1
39 56 1
39 57 1
39 59 1
39 62 1
39 66 1
39 75 1
39 76 1
39 84 1
39 87 1
39 97 1
40 41 1
40 42 1
40 43 1
40 58 1
40 60 1
40 71 1
40 75 1
40 82 1
40 86 1
40 87 1
40 93 1
41 44 1
41 54 1
41 55 1
41 57 1
41 61 1
41 76 1
41 84 1
41 86 1
41 99 1
42 48 1
42 50 1
42 56 1
42 57 1
42 61 1
42 66 1
42 70 1
42 71 1
42 82 1
42 89 1
42 95 1
43 45 1
43 48 1
43 49 1
43 50 1
43 54 1
43 55 1
43 56 1
43 60 1
43 61 1
43 64 1
43 67 1
43 68 1
43 70 1
43 71 1
43 72 1
43 75 1
43 93 1
43 95 1
44 45 1
44 47 1
44 50 1
44 52 1
44 58 1
44 59 1
44 61 1
44 62 1
44 70 1
44 71 1
44 72 1
44 76 1
44 77 1
44 82 1
44 93 1
44 94 1
44 96 1
44 97 1
44 98 1
45 51 1
45 58 1
45 63 1
45 67 1
45 72 1
45 76 1
45 82 1
45 86 1
46 60 1
46 63 1
46 67 1
46 71 1
46 75 1
46 82 1
46 92 1
46 95 1
46 96 1
46 100 1
47 51 1
47 56 1
47 62 1
47 64 1
47 67 1
47 70 1
47 73 1
47 93 1
48 51 1
48 52 1
48 55 1
48 65 1
48 68 1
48 71 1
48 75 1
48 80 1
48 81 1
48 83 1
48 87 1
48 88 1
49 56 1
49 58 1
49 60 1
49 62 1
49 77 1
49 89 1
49 95 1
49 97 1
49 100 1
50 59 1
50 64 1
50 72 1
50 83 1
50 86 1
50 90 1
50 92 1
50 98 1
51 58 1
51 60 1
51 64 1
51 65 1
51 68 1
51 69 1
51 91 1
51 92 1
51 93 1
52 56 1
52 58 1
52 59 1
52 75 1
52 76 1
52 81 1
52 86 1
52 91 1
53 63 1
53 78 1
53 81 1
53 89 1
53 90 1
53 93 1
53 96 1
53 97 1
54 57 1
54 67 1
54 73 1
54 81 1
54 83 1
54 88 1
54 92 1
55 56 1
55 69 1
55 71 1
55 80 1
55 85 1
55 86 1
55 90 1
55 94 1
56 62 1
56 65 1
56 70 1
56 94 1
57 72 1
57 87 1
57 89 1
57 98 1
57 99 1
58 59 1
58 62 1
58 67 1
58 73 1
58 75 1
58 76 1
58 92 1
59 64 1
59 71 1
59 79 1
59 80 1
59 81 1
59 83 1
59 84 1
59 87 1
59 88 1
59 96 1
60 63 1
60 65 1
60 66 1
60 70 1
60 72 1
60 74 1
60 76 1
60 80 1
60 81 1
60 87 1
60 90 1
60 99 1
61 64 1
61 69 1
61 70 1
61 81 1
61 83 1
61 91 1
62 73 1
62 78 1
62 81 1
62 85 1
62 91 1
62 92 1
62 93 1
62 100 1
63 66 1
63 70 1
63 72 1
63 81 1
63 93 1
63 100 1
64 71 1
64 72 1
64 81 1
64 90 1
64 93 1
64 96 1
64 100 1
65 66 1
65 75 1
65 79 1
65 80 1
65 82 1
65 90 1
65 96 1
65 99 1
66 77 1
66 81 1
66 90 1
66 92 1
66 93 1
66 94 1
66 98 1
67 76 1
67 77 1
67 78 1
67 81 1
67 82 1
67 86 1
68 76 1
68 78 1
68 94 1
69 78 1
69 79 1
69 84 1
69 98 1
70 72 1
70 90 1
70 93 1
70 94 1
71 73 1
71 78 1
71 82 1
71 87 1
71 91 1
71 98 1
72 74 1
72 76 1
72 78 1
72 80 1
72 81 1
72 83 1
72 86 1
72 97 1
73 76 1
73 77 1
73 79 1
73 90 1
73 91 1
73 96 1
74 83 1
74 86 1
74 92 1
75 83 1
75 88 1
75 91 1
75 96 1
76 89 1
76 94 1
76 99 1
77 86 1
77 90 1
77 92 1
78 79 1
78 94 1
78 97 1
79 84 1
79 90 1
79 92 1
79 100 1
80 82 1
80 87 1
80 92 1
80 94 1
80 99 1
81 87 1
81 88 1
81 95 1
81 96 1
81 97 1
81 98 1
82 92 1
83 87 1
83 89 1
83 96 1
84 85 1
84 87 1
84 89 1
85 100 1
86 88 1
86 91 1
86 93 1
86 94 1
86 100 1
87 100 1
88 92 1
88 93 1
88 96 1
88 97 1
89 94 1
90 92 1
90 97 1
91 93 1
92 98 1
94 95 1
94 99 1
95 98 1
95 100 1
96 100 1
98 99 1
99 100 1